episode,wins,losses,draws
2500,487,479,34
5000,497,470,33
7500,545,435,20
10000,539,431,30
12500,579,397,24
15000,602,370,28
17500,632,343,25
20000,692,293,15
22500,657,311,32
25000,689,286,25
27500,681,287,32
30000,669,311,20
32500,674,300,26
35000,678,305,17
37500,690,278,32
40000,689,283,28
42500,695,280,25
45000,715,268,17
47500,729,246,25
50000,724,250,26
52500,704,274,22
55000,702,270,28
57500,746,233,21
60000,720,263,17
62500,725,262,13
65000,756,231,13
67500,732,252,16
70000,723,256,21
72500,757,221,22
75000,746,229,25
77500,756,219,25
80000,763,223,14
82500,729,256,15
85000,752,219,29
87500,766,218,16
90000,765,208,27
92500,764,214,22
95000,747,228,25
97500,750,225,25
100000,756,226,18
102500,755,223,22
105000,770,211,19
107500,762,219,19
110000,761,221,18
112500,769,215,16
115000,775,203,22
117500,788,192,20
120000,773,200,27
122500,757,219,24
125000,778,207,15
127500,768,213,19
130000,791,188,21
132500,779,207,14
135000,762,219,19
137500,788,195,17
140000,746,234,20
142500,763,219,18
145000,782,200,18
147500,744,235,21
150000,782,192,26
152500,775,198,27
155000,771,209,20
157500,773,203,24
160000,787,195,18
162500,775,202,23
165000,769,212,19
167500,802,178,20
170000,792,185,23
172500,778,195,27
175000,787,195,18
177500,781,200,19
180000,785,193,22
182500,794,185,21
185000,797,182,21
187500,774,203,23
190000,775,205,20
192500,769,200,31
195000,784,201,15
197500,762,217,21
200000,765,211,24
