2500,480,480,40
5000,491,479,30
7500,552,425,23
10000,575,388,37
12500,582,389,29
15000,570,398,32
17500,565,417,18
20000,578,393,29
22500,606,369,25
25000,576,397,27
27500,610,368,22
30000,551,420,29
32500,594,376,30
35000,611,364,25
37500,619,359,22
40000,588,387,25
42500,595,380,25
45000,616,364,20
47500,615,356,29
50000,614,363,23
52500,603,368,29
55000,607,366,27
57500,619,360,21
60000,629,353,18
62500,612,361,27
65000,602,366,32
67500,606,374,20
70000,604,366,30
72500,604,368,28
75000,598,368,34
77500,603,370,27
80000,601,364,35
82500,619,358,23
85000,604,370,26
87500,615,357,28
90000,639,341,20
92500,615,358,27
95000,610,368,22
97500,628,347,25
100000,621,355,24
2500,453,505,42
5000,529,432,39
7500,534,426,40
10000,611,360,29
12500,668,301,31
15000,672,304,24
17500,670,290,40
20000,686,284,30
22500,662,301,37
25000,704,267,29
27500,698,275,27
30000,729,244,27
32500,729,246,25
35000,752,224,24
37500,713,252,35
40000,763,211,26
42500,774,202,24
45000,778,195,27
47500,762,212,26
50000,771,196,33
52500,511,464,25
55000,533,437,30
57500,563,401,36
60000,574,399,27
62500,654,318,28
65000,718,256,26
67500,714,269,17
70000,710,266,24
72500,733,244,23
75000,742,238,20
77500,772,207,21
80000,744,238,18
82500,742,237,21
85000,772,211,17
87500,724,256,20
90000,742,237,21
92500,762,217,21
95000,760,221,19
97500,762,218,20
100000,780,204,16
102500,775,207,18
105000,762,218,20
107500,778,204,18
110000,764,220,16
112500,781,200,19
115000,776,201,23
117500,778,203,19
120000,777,202,21
122500,794,189,17
125000,791,183,26
127500,771,205,24
130000,793,189,18
132500,806,176,18
135000,787,201,12
137500,806,184,10
140000,810,173,17
142500,822,163,15
145000,784,201,15
147500,787,187,26
150000,790,190,20
152500,782,196,22
155000,811,169,20
157500,802,181,17
160000,820,169,11
162500,807,172,21
165000,777,200,23
167500,799,182,19
170000,804,181,15
172500,786,192,22
175000,814,170,16
177500,817,162,21
180000,809,173,18
182500,798,173,29
185000,790,189,21
187500,825,161,14
190000,798,184,18
192500,807,174,19
195000,802,184,14
197500,808,173,19
200000,789,191,20
