episode,wins,losses,draws
2500,488,459,53
5000,516,432,52
7500,515,448,37
10000,491,461,48
12500,565,400,35
15000,572,384,44
17500,636,336,28
20000,665,299,36
22500,676,304,20
25000,671,298,31
27500,689,289,22
30000,708,264,28
32500,726,237,37
35000,751,230,19
37500,751,224,25
40000,796,177,27
42500,785,196,19
45000,809,174,17
47500,797,178,25
50000,800,176,24
52500,777,199,24
55000,818,164,18
57500,803,173,24
60000,813,161,26
62500,805,177,18
65000,819,159,22
67500,801,173,26
70000,833,143,24
72500,815,159,26
75000,824,154,22
77500,816,161,23
80000,794,172,34
82500,786,185,29
85000,813,161,26
87500,820,156,24
90000,817,152,31
92500,819,154,27
95000,826,151,23
97500,813,169,18
100000,809,171,20
102500,827,153,20
105000,824,158,18
107500,800,175,25
110000,819,155,26
112500,847,132,21
115000,823,161,16
117500,835,143,22
120000,802,171,27
122500,817,160,23
125000,818,151,31
127500,851,135,14
130000,810,168,22
132500,835,149,16
135000,823,159,18
137500,813,162,25
140000,798,174,28
142500,804,158,38
145000,835,146,19
147500,816,162,22
150000,827,149,24
152500,834,149,17
155000,823,155,22
157500,840,142,18
160000,821,157,22
162500,846,134,20
165000,806,177,17
167500,810,165,25
170000,821,163,16
172500,809,170,21
175000,804,162,34
177500,820,157,23
180000,788,190,22
182500,821,164,15
185000,797,172,31
187500,820,155,25
190000,849,124,27
192500,848,133,19
195000,823,153,24
197500,823,152,25
200000,827,160,13
