episode,normal_wins,checkpoint_wins,draws
100000,447,517,36
200000,446,532,22
300000,355,624,21
400000,328,661,11
500000,344,640,16
600000,358,625,17
700000,355,626,19
800000,363,619,18
900000,376,606,18
1000000,385,593,22
1050000,385,593,22
1050000,415,573,12
1100000,414,568,18
1150000,399,582,19
1200000,416,568,16
1250000,407,567,26
1300000,400,585,15
1350000,378,607,15
1400000,413,571,16
1450000,403,577,20
1500000,408,569,23
1550000,380,599,21
1600000,411,573,16
1650000,396,585,19
1700000,403,577,20
1750000,414,568,18
1800000,438,544,18
1850000,410,575,18
1900000,407,572,21
1950000,427,555,18
2000000,428,557,15
