episode,wins,losses,draws
2500,465,482,53
5000,475,477,48
7500,466,482,52
10000,468,485,47
12500,496,457,47
15000,545,423,32
17500,502,451,47
20000,487,465,48
22500,536,427,37
25000,522,431,47
27500,449,512,39
30000,467,487,46
32500,505,445,50
35000,518,441,41
37500,523,438,39
40000,548,419,33
42500,525,433,42
45000,547,423,30
47500,525,447,28
50000,515,455,30
52500,535,430,35
55000,522,444,34
57500,534,432,34
60000,526,442,32
62500,533,433,34
65000,529,427,44
67500,517,443,40
70000,509,454,37
72500,521,447,32
75000,546,418,36
77500,537,440,23
80000,535,431,34
82500,549,418,33
85000,539,422,39
87500,527,442,31
90000,536,425,39
92500,508,447,45
95000,554,411,35
97500,551,409,40
100000,543,408,49
102500,558,396,46
105000,559,407,34
107500,534,433,33
110000,533,429,38
112500,527,439,34
115000,562,404,34
117500,492,463,45
120000,506,450,44
122500,528,435,37
125000,566,401,33
127500,528,435,37
130000,521,433,46
132500,506,460,34
135000,564,399,37
137500,527,426,47
140000,551,415,34
142500,548,415,37
145000,535,422,43
147500,527,432,41
150000,554,414,32
152500,536,432,32
155000,548,421,31
157500,532,429,39
160000,557,405,38
162500,554,402,44
165000,514,450,36
167500,520,433,47
170000,528,426,46
172500,546,418,36
175000,578,380,42
177500,522,443,35
180000,543,413,44
182500,537,414,49
185000,561,398,41
187500,537,420,43
190000,542,418,40
192500,579,387,34
195000,547,408,45
197500,564,401,35
200000,548,402,50
