episode,wins,losses,draws
2500,482,475,43
5000,475,482,43
7500,505,458,37
10000,487,467,46
12500,525,431,44
15000,541,410,49
17500,574,383,43
20000,558,404,38
22500,565,400,35
25000,541,417,42
27500,561,404,35
30000,576,391,33
32500,582,380,38
35000,564,400,36
37500,577,391,32
40000,585,381,34
42500,557,409,34
45000,585,380,35
47500,564,397,39
50000,543,423,34
52500,569,397,34
55000,574,391,35
57500,576,395,29
60000,601,362,37
62500,574,390,36
65000,562,398,40
67500,599,360,41
70000,576,386,38
72500,569,404,27
75000,554,401,45
77500,562,406,32
80000,591,375,34
82500,552,403,45
85000,583,378,39
87500,552,406,42
90000,573,397,30
92500,570,401,29
95000,586,381,33
97500,556,419,25
100000,562,400,38
102500,563,401,36
105000,578,391,31
107500,574,391,35
110000,574,387,39
112500,583,386,31
115000,583,380,37
117500,580,390,30
120000,575,386,39
122500,601,365,34
125000,582,376,42
127500,575,401,24
130000,593,368,39
132500,565,406,29
135000,572,399,29
137500,595,380,25
140000,600,370,30
142500,582,392,26
145000,572,404,24
147500,596,379,25
150000,599,374,27
152500,601,359,40
155000,594,383,23
157500,582,390,28
160000,591,373,36
162500,566,399,35
165000,602,363,35
167500,576,396,28
170000,598,366,36
172500,555,412,33
175000,600,371,29
177500,604,355,41
180000,587,377,36
182500,632,337,31
185000,609,364,27
187500,576,397,27
190000,595,375,30
192500,588,387,25
195000,604,366,30
197500,626,349,25
200000,605,363,32
