episode,wins,losses,draws
2500,480,487,33
5000,494,475,31
7500,510,467,23
10000,491,486,23
12500,538,427,35
15000,487,490,23
17500,476,503,21
20000,496,461,43
22500,503,467,30
25000,455,504,41
27500,460,505,35
30000,508,471,21
32500,482,486,32
35000,517,451,32
37500,566,411,23
40000,468,503,29
42500,489,492,19
45000,527,449,24
47500,507,472,21
50000,521,462,17
52500,515,469,16
55000,489,494,17
57500,457,501,42
60000,484,481,35
62500,518,458,24
65000,461,499,40
67500,487,479,34
70000,515,456,29
72500,520,452,28
75000,492,483,25
77500,473,498,29
80000,530,438,32
82500,482,491,27
85000,462,503,35
87500,512,464,24
90000,479,483,38
92500,502,473,25
95000,497,477,26
97500,487,480,33
100000,485,491,24
102500,467,497,36
105000,479,484,37
107500,499,469,32
110000,501,467,32
112500,538,447,15
115000,527,450,23
117500,460,506,34
120000,531,455,14
122500,544,428,28
125000,479,500,21
127500,532,445,23
130000,535,431,34
132500,505,464,31
135000,492,479,29
137500,475,497,28
140000,486,489,25
142500,502,472,26
145000,524,447,29
147500,527,458,15
150000,549,433,18
152500,554,416,30
155000,528,434,38
157500,511,457,32
160000,480,490,30
162500,523,447,30
165000,534,444,22
167500,516,460,24
170000,525,449,26
172500,526,445,29
175000,507,471,22
177500,521,450,29
180000,491,487,22
182500,491,482,27
185000,503,482,15
187500,518,454,28
190000,472,500,28
192500,512,458,30
195000,491,483,26
197500,525,444,31
200000,560,516,24
