episode,wins,losses,draws
25000,678,305,17
50000,653,329,18
75000,696,292,12
100000,688,290,22
125000,682,303,15
150000,707,267,26
175000,674,302,24
200000,725,253,22
225000,670,308,22
250000,715,270,15
275000,714,272,14
300000,734,248,18
325000,691,290,19
350000,724,256,20
375000,727,258,15
400000,723,257,20
425000,728,251,21
450000,745,229,26
475000,723,253,24
500000,740,243,17
525000,765,218,17
550000,738,243,19
575000,758,217,25
600000,770,207,23
625000,765,220,15
650000,754,232,14
675000,763,222,15
700000,754,218,28
725000,785,196,19
750000,776,212,12
775000,795,194,11
800000,799,187,14
825000,810,180,10
850000,795,186,19
875000,801,179,20
900000,807,176,17
925000,818,168,14
950000,796,181,23
975000,811,171,18
1000000,803,180,17
