episode,wins,losses,draws
25000,660,322,18
50000,718,259,23
75000,716,261,23
100000,717,269,14
125000,750,235,15
150000,751,228,21
175000,740,241,19
200000,787,199,14
225000,789,196,15
250000,810,174,16
275000,795,188,17
300000,798,191,11
325000,790,193,17
350000,812,173,15
375000,813,172,15
400000,834,158,8
425000,837,149,14
450000,842,147,11
475000,857,136,7
500000,856,133,11
525000,853,136,11
550000,856,136,8
575000,862,124,14
600000,842,149,9
625000,863,124,13
650000,882,110,8
675000,868,123,9
700000,870,121,9
725000,891,103,6
750000,880,112,8
775000,876,119,5
800000,882,109,9
825000,874,121,5
850000,884,106,10
875000,881,109,10
900000,882,104,14
925000,889,102,9
950000,888,96,16
975000,871,124,5
