episode,wins,losses,draws
25000,648,327,25
50000,679,296,25
75000,675,305,20
100000,678,299,23
125000,676,307,17
150000,719,258,23
175000,719,264,17
200000,708,269,23
225000,737,254,9
250000,726,260,14
275000,753,229,18
300000,747,235,18
325000,741,240,19
350000,772,206,22
375000,765,221,14
400000,784,197,19
425000,777,206,17
450000,790,185,25
475000,774,209,17
500000,809,180,11
525000,801,179,20
550000,802,186,12
575000,829,161,10
600000,833,155,12
625000,817,163,20
650000,831,153,16
675000,816,169,15
700000,838,152,10
725000,819,161,20
750000,836,152,12
775000,842,141,17
800000,844,137,19
825000,846,139,15
850000,822,162,16
875000,865,126,9
900000,851,134,15
925000,829,155,16
950000,827,151,22
975000,844,146,10
1000000,838,146,16
