episode,wins,losses,draws
25000,548,430,22
50000,640,333,27
75000,746,238,16
100000,817,164,19
125000,831,160,9
150000,845,145,10
175000,861,129,10
200000,827,157,16
225000,855,130,15
250000,877,113,10
275000,885,108,7
300000,906,86,8
325000,876,116,8
350000,896,97,7
375000,882,104,14
400000,900,94,6
425000,928,61,11
450000,903,85,12
475000,901,89,10
500000,906,84,10
525000,903,87,10
550000,905,83,12
575000,916,78,6
600000,905,85,10
625000,901,90,9
650000,911,81,8
675000,906,83,11
700000,908,89,3
725000,919,74,7
750000,894,97,9
775000,915,74,11
800000,919,73,8
825000,905,86,9
850000,904,89,7
875000,903,93,4
900000,926,68,6
925000,913,76,11
950000,905,83,12
975000,916,79,5
1000000,908,84,8
